Consecutive call time differences : 1000 times
153
141
144
139
135
133
132
131
133
132
130
126
132
130
133
132
134
131
132
134
130
129
129
129
130
129
130
129
130
126
130
129
131
131
133
133
131
128
135
134
133
132
133
131
131
132
135
131
132
132
131
129
132
127
132
126
132
132
134
131
132
133
134
134
131
131
134
134
129
130
131
132
132
129
132
135
136
128
138
131
133
130
132
127
133
133
127
134
132
132
130
130
133
132
128
129
134
131
130
129
129
129
129
129
130
129
129
129
129
129
131
126
130
129
129
130
133
136
134
131
134
137
134
132
132
131
133
131
134
131
131
130
134
130
132
132
130
131
132
131
136
133
135
135
133
132
134
132
132
131
134
134
133
129
134
138
134
135
131
131
132
131
135
132
134
127
132
138
133
132
131
134
131
131
132
131
131
131
134
128
132
131
129
135
127
133
132
132
136
136
134
135
133
134
132
133
131
131
131
132
133
136
136
132
134
131
136
133
134
134
135
132
135
132
136
132
134
131
132
133
132
130
131
280
130
127
138
133
134
131
130
131
136
133
130
133
131
137
138
133
137
133
134
130
132
131
132
128
134
132
133
132
132
132
131
129
130
137
137
134
134
134
134
137
131
128
132
135
144
134
134
131
134
138
137
130
127
137
137
128
137
127
128
127
127
128
134
124
131
138
132
139
131
130
131
130
140
130
128
128
129
136
128
127
129
130
136
128
136
127
129
131
126
129
129
130
125
124
127
141
137
135
135
138
136
134
137
133
135
132
128
135
126
126
136
127
128
134
130
135
129
129
130
138
130
130
130
129
130
136
141
136
137
130
138
140
130
129
130
138
137
130
130
130
137
129
130
129
130
128
131
129
130
130
135
138
128
136
126
136
129
133
124
125
126
125
127
129
138
129
129
127
128
130
137
137
131
129
126
127
125
127
127
126
135
127
129
124
135
127
125
127
129
129
130
126
125
125
125
136
129
129
126
126
138
128
129
130
129
127
137
128
126
127
139
127
130
139
127
126
128
132
127
124
125
124
135
125
127
125
129
126
127
127
130
129
130
130
138
136
126
125
133
126
127
126
126
127
127
130
130
129
133
126
126
136
134
129
130
129
137
137
129
130
136
130
134
129
137
130
136
126
128
127
125
126
133
131
138
129
166
133
132
132
133
132
138
132
133
127
131
131
138
134
134
133
137
136
135
134
136
136
135
136
132
126
130
137
130
134
137
134
132
136
134
132
132
132
133
129
130
129
134
131
128
131
131
132
135
128
132
132
132
132
134
131
134
131
135
131
135
131
132
131
132
134
132
133
133
130
129
131
127
123
135
126
135
127
126
126
128
126
134
131
138
132
129
133
132
131
132
136
138
179
130
129
134
134
126
128
129
128
130
129
130
136
129
128
136
130
136
129
137
134
134
134
174
135
137
133
134
133
134
136
135
130
136
131
136
135
136
137
130
133
131
138
132
133
135
131
132
131
132
132
133
136
135
137
136
130
132
137
181
130
136
132
138
134
132
132
136
130
132
136
137
133
136
133
134
136
136
135
137
133
135
137
135
132
133
133
134
135
134
134
133
131
133
130
132
134
131
132
132
132
137
131
138
134
129
129
136
137
135
134
136
138
136
137
130
138
134
133
130
131
140
133
133
134
133
133
133
132
132
132
133
132
133
135
135
133
132
132
135
134
133
133
135
132
134
132
130
138
136
134
138
132
132
132
133
134
133
130
134
134
133
133
133
130
133
135
132
132
133
132
133
131
130
132
132
132
135
132
133
135
133
134
135
132
133
135
134
131
133
135
129
132
132
137
136
132
134
132
132
134
149
133
133
138
134
132
136
132
137
129
136
137
133
135
138
131
134
131
132
135
237
138
133
133
131
134
136
137
137
135
133
131
132
131
131
134
131
133
130
131
132
126
130
131
134
139
132
135
134
130
137
134
133
132
135
131
133
132
138
131
130
132
133
131
132
132
132
131
132
132
133
137
132
130
131
132
135
134
130
135
142
134
138
132
138
132
134
131
133
134
131
132
133
137
133
132
132
132
132
134
133
131
133
133
139
135
137
134
133
137
134
133
134
132
135
133
127
137
134
133
131
136
132
129
129
129
129
131
137
136
131
131
132
132
128
129
137
131
132
131
137
137
137
131
132
130
139
136
134
133
134
133
136
133
136
131
135
134
135
136
130
133
139
137
129
136
129
129
138
129
127
126
128
134
133
126
129
137
136
136
134
133
137
135
134
132
131
132
132
135
132
130
130
128
132
130
131
177
132
131
131
131
130
130
129
131
Calls with small instructions in between : 1000 times
159
133
137
130
128
136
124
133
122
124
164
126
127
133
130
134
135
136
130
132
130
130
130
129
133
136
136
129
133
140
132
136
129
130
131
133
133
129
127
130
139
133
131
139
133
131
130
131
139
131
130
134
134
125
129
134
129
130
131
132
130
135
133
132
136
189
132
134
133
132
133
135
130
129
135
171
126
129
132
124
126
129
126
128
126
127
124
128
124
130
129
125
125
131
129
128
127
135
133
132
126
124
127
131
134
133
136
133
133
132
131
132
132
135
134
132
133
134
130
130
133
134
138
132
135
130
129
129
133
135
129
131
129
132
130
133
131
133
130
130
129
135
129
128
132
132
133
125
127
131
131
130
132
130
130
131
190
131
131
125
126
131
130
132
131
134
176
132
133
129
128
131
132
127
128
130
129
132
134
132
136
130
130
128
130
129
129
129
127
134
126
129
136
130
128
129
131
132
131
132
131
126
134
132
130
133
130
134
131
132
131
128
126
129
129
128
128
129
131
133
129
133
128
129
129
126
129
136
126
129
130
130
130
126
126
128
128
128
132
130
129
125
129
128
132
128
128
129
135
131
133
131
127
127
131
127
126
124
128
129
129
123
123
127
126
127
125
128
127
132
130
129
130
129
126
129
131
126
129
130
130
134
131
129
128
133
134
136
131
128
129
132
131
130
130
131
130
131
129
131
126
127
126
129
128
128
129
123
127
130
128
129
125
126
126
129
127
133
132
132
128
129
128
127
132
127
126
129
132
131
125
126
127
129
134
124
130
127
127
130
128
135
124
125
127
127
129
127
132
128
130
126
127
124
128
123
127
124
126
128
127
126
124
124
127
124
127
125
126
129
127
127
126
132
129
124
129
128
125
129
127
134
127
131
132
131
128
126
127
128
132
130
126
131
130
136
132
133
132
128
134
130
134
129
131
135
131
130
133
130
127
125
124
128
126
128
130
133
130
132
135
128
133
130
133
131
131
132
126
132
131
131
126
130
130
130
129
130
130
129
128
133
134
131
130
131
131
127
130
130
137
129
129
131
133
133
133
130
129
133
134
132
135
128
132
124
129
126
132
128
126
129
135
129
133
134
130
131
132
131
130
132
136
129
133
129
132
135
130
129
136
130
134
134
133
132
127
128
124
129
129
134
133
130
128
136
132
136
129
136
129
136
129
133
131
125
129
130
130
124
125
131
131
124
132
130
130
125
127
126
129
162
146
134
134
136
138
134
134
130
129
129
130
130
125
131
133
130
126
123
125
126
124
125
123
127
127
126
128
135
126
133
135
129
127
138
129
131
130
134
129
130
127
129
129
138
137
125
130
132
129
125
128
123
124
123
123
130
125
128
127
127
127
128
129
125
133
128
131
131
133
133
128
129
133
134
129
127
127
130
127
130
128
129
129
131
127
126
125
131
127
134
134
127
126
122
135
124
121
135
128
132
135
127
130
132
134
127
131
133
135
129
132
130
126
131
128
133
128
126
131
134
133
128
135
132
132
128
135
129
129
127
130
132
132
130
130
128
127
126
126
126
130
134
133
126
126
126
131
131
130
131
132
133
132
133
134
133
133
132
134
124
130
130
129
131
126
133
130
133
130
130
201
131
133
130
134
133
127
130
129
131
130
128
129
133
135
135
129
124
130
128
131
135
130
127
131
132
132
131
134
131
134
131
133
131
132
129
132
132
133
131
132
132
131
130
131
132
134
133
133
133
132
129
132
133
133
133
136
130
127
131
134
128
129
129
133
129
133
134
131
133
134
130
131
133
132
130
133
132
139
130
131
131
135
135
133
135
134
133
129
131
130
132
132
133
126
130
132
128
129
133
130
132
133
135
130
134
130
124
130
129
130
133
131
131
133
129
130
132
132
132
131
132
131
133
131
132
131
132
133
131
133
131
133
131
131
133
132
132
131
132
133
133
129
130
130
133
133
133
134
127
133
130
135
130
136
126
130
129
128
129
128
130
127
129
133
137
135
133
136
133
132
134
133
131
129
136
127
135
130
129
124
125
124
127
125
127
126
131
125
170
129
127
129
128
129
126
134
134
129
129
127
125
130
135
129
131
132
139
130
129
128
130
129
134
129
132
133
135
135
132
125
135
131
132
135
131
130
134
131
126
126
128
133
127
131
126
136
130
131
128
133
132
133
135
126
126
135
130
132
129
128
131
132
131
135
133
131
136
135
131
131
129
132
132
131
133
132
133
132
134
132
130
136
132
129
129
130
135
131
141
132
134
127
135
130
136
132
134
130
133
129
130
132
138
131
131
132
131
