162
139
137
130
130
132
132
133
132
137
134
135
132
132
135
131
133
130
131
129
131
126
131
130
128
134
129
130
130
129
130
137
131
137
134
136
134
138
134
132
137
132
134
132
130
132
127
135
129
129
130
129
133
133
133
136
131
132
132
134
131
132
136
136
136
133
136
136
135
137
135
132
131
134
136
136
133
135
133
135
135
134
133
133
133
135
136
136
133
134
135
135
135
134
132
133
133
133
135
133
133
133
133
134
133
136
135
133
134
130
131
131
135
130
137
130
125
130
132
131
135
132
131
131
131
132
131
132
132
131
131
132
132
134
132
131
137
137
132
135
130
131
132
138
137
137
131
132
135
132
131
133
137
131
131
132
137
138
131
128
133
131
134
137
129
128
130
130
136
137
133
130
135
138
137
138
132
129
125
129
131
130
131
132
130
127
130
130
131
131
125
131
131
132
130
136
137
136
130
130
128
131
131
135
131
130
136
133
126
131
128
132
132
128
133
133
132
130
129
128
136
137
136
134
133
131
133
133
128
130
128
132
132
137
137
129
131
136
133
131
134
128
132
132
132
130
128
129
133
131
131
130
132
126
137
136
136
130
131
130
131
130
137
129
130
131
131
127
132
131
131
137
131
131
128
137
128
132
136
132
127
132
134
131
132
126
132
132
131
129
130
131
137
137
128
126
130
137
133
134
134
132
133
132
136
136
130
131
136
137
131
131
131
131
131
137
130
136
134
136
137
137
137
132
134
130
137
131
131
131
137
131
130
130
133
131
130
131
134
132
132
131
131
134
137
127
128
133
131
130
135
131
130
130
137
134
130
134
130
129
131
131
131
131
131
128
130
131
135
133
132
135
136
133
130
136
136
130
129
129
129
127
129
128
133
131
130
130
129
125
128
126
126
125
128
126
127
130
136
134
130
130
130
134
138
134
129
128
129
128
130
126
128
129
128
129
128
126
133
136
130
131
130
132
134
130
130
131
130
136
137
129
130
128
130
126
129
129
126
132
127
129
128
128
127
127
127
128
127
129
129
125
129
132
129
130
130
130
130
133
127
136
129
130
130
128
130
132
131
130
131
131
130
131
131
130
131
131
135
130
128
129
135
136
130
131
131
132
132
131
126
131
132
136
130
127
131
131
132
132
131
130
134
132
128
128
127
128
126
128
128
128
125
126
128
125
126
128
129
130
135
130
135
132
134
132
133
133
133
132
131
134
134
136
136
131
130
131
130
137
134
131
131
133
130
137
133
131
126
132
134
133
132
127
128
129
129
127
131
132
131
135
131
134
136
132
133
133
131
131
131
131
130
137
134
127
134
137
128
128
131
128
131
133
133
134
128
127
126
128
128
129
132
133
131
130
198
131
133
132
131
132
133
134
133
133
133
134
129
129
129
129
128
130
127
131
134
131
131
134
130
137
131
135
135
135
130
131
135
133
135
132
133
132
133
136
136
129
130
132
133
132
131
130
130
134
133
132
131
133
137
132
131
131
131
131
131
131
130
134
131
131
136
136
129
131
130
134
134
136
137
126
127
127
126
128
130
129
127
128
129
127
129
129
129
129
128
131
129
127
130
130
130
134
130
148
143
134
136
139
130
132
139
141
137
137
135
133
137
126
130
130
126
131
133
133
131
129
132
134
131
132
132
130
130
131
136
133
132
132
137
133
136
130
129
129
129
129
131
132
130
132
135
132
135
131
132
132
131
131
131
135
134
139
130
133
136
136
133
130
136
137
136
137
138
136
132
135
135
127
136
133
132
130
136
136
133
135
133
138
139
130
131
136
131
131
131
134
128
127
126
129
128
128
129
126
128
128
125
131
132
134
134
133
135
138
134
130
131
132
132
133
131
132
132
134
132
137
138
134
137
133
134
135
134
131
135
137
131
131
137
131
132
131
131
132
131
130
131
131
137
134
132
132
137
131
133
134
138
136
131
134
135
130
131
129
130
130
136
136
136
132
131
137
132
131
134
133
131
132
132
132
133
130
133
137
135
135
134
135
134
133
135
128
131
134
134
133
133
134
132
134
132
130
132
132
134
138
134
138
134
127
136
134
134
131
130
131
136
130
133
133
129
138
135
131
131
137
132
136
134
133
131
136
133
130
130
132
131
133
135
130
131
134
137
136
136
131
135
137
131
136
134
133
136
136
132
131
131
136
131
130
130
129
135
135
136
131
137
131
131
130
131
132
136
131
131
130
131
132
135
128
129
128
128
131
133
131
131
134
133
136
133
135
134
133
134
130
130
130
131
129
136
134
136
133
136
134
135
134
