Consecutive call time differences : 1000 times
96
80
86
80
116
75
82
86
118
79
114
84
80
80
75
75
69
63
105
78
87
75
80
80
116
77
76
71
69
71
79
77
114
78
78
73
74
77
73
106
73
70
68
68
70
103
67
75
74
75
75
76
75
76
77
73
85
111
76
85
85
83
82
78
80
80
80
114
113
113
113
78
77
114
85
80
117
81
82
80
77
77
77
79
117
81
80
80
75
76
82
80
117
115
84
72
73
71
70
71
71
69
69
66
101
76
72
76
106
70
71
107
70
71
71
70
71
75
70
74
73
70
71
71
74
75
74
107
74
73
107
76
73
73
77
74
73
73
74
66
77
73
108
75
73
77
73
75
108
66
72
76
73
73
75
75
106
72
74
108
71
71
70
117
72
70
70
69
79
77
70
70
72
77
74
63
65
71
70
70
68
70
76
115
78
74
76
74
110
79
74
76
103
101
81
68
104
77
72
72
74
70
72
70
73
73
75
71
71
71
65
71
67
66
67
66
70
108
75
74
102
102
105
105
105
107
106
72
67
108
102
105
73
73
103
100
100
102
104
71
67
71
67
71
68
71
103
103
102
103
103
105
105
103
104
73
71
103
105
102
73
73
71
103
74
77
73
70
66
71
73
72
74
70
73
71
106
76
79
76
71
71
4418
73
72
63
63
105
71
69
68
71
75
70
70
69
73
72
75
72
71
70
70
77
69
72
103
106
76
72
72
74
70
70
73
70
70
103
72
70
73
73
72
73
107
104
72
70
73
75
70
70
67
70
66
73
78
73
74
69
72
68
68
66
105
72
73
74
72
76
73
72
75
71
73
69
109
73
107
104
105
78
70
85
74
75
75
73
75
104
72
75
73
100
65
67
68
100
101
73
73
72
106
75
77
71
71
73
72
70
72
72
75
70
73
73
75
76
73
75
74
73
74
70
73
75
71
69
70
70
73
71
74
71
88
76
70
72
71
71
76
73
71
78
73
76
75
70
72
74
73
71
75
71
75
77
73
71
70
71
70
72
68
69
75
103
68
70
67
73
70
71
69
70
70
104
66
70
75
107
78
74
77
74
107
72
107
74
72
75
107
78
79
72
73
71
71
70
70
65
68
67
68
71
76
74
108
75
73
75
70
73
71
70
70
70
70
107
72
75
73
73
165
75
75
76
106
106
79
73
76
69
68
70
65
79
70
68
69
80
73
75
73
76
72
73
75
70
73
73
105
109
108
74
74
75
70
65
74
70
103
107
107
73
75
74
76
73
74
76
76
73
73
73
74
124
71
73
72
70
67
70
70
71
73
70
66
67
69
72
73
73
108
70
73
74
73
73
73
72
75
76
75
72
106
74
71
72
72
73
73
76
74
72
72
75
73
70
73
70
104
105
74
72
72
72
69
67
70
122
74
74
74
72
70
70
71
70
74
73
107
74
72
110
71
73
76
75
107
106
73
107
72
66
107
75
106
75
78
69
69
108
73
105
73
72
75
75
75
74
76
69
72
75
108
75
74
72
77
71
71
71
74
73
74
75
73
71
69
68
116
68
70
69
72
72
108
70
134
72
73
73
71
70
72
74
76
71
81
77
73
76
115
73
69
73
71
65
71
71
71
72
70
75
73
80
75
77
71
70
77
104
72
73
74
70
110
71
71
68
70
105
70
72
104
105
75
105
76
72
72
72
107
77
74
73
78
77
75
73
112
73
72
74
102
75
70
70
70
107
77
107
72
76
73
73
73
74
71
74
72
107
104
104
101
101
101
103
68
76
72
73
74
70
75
72
85
72
73
74
75
73
69
70
72
70
69
71
70
70
71
65
67
70
72
62
104
73
74
106
76
73
75
112
70
73
74
71
71
105
74
73
104
108
73
72
104
106
75
72
73
72
68
71
106
103
72
66
100
69
92
76
72
70
77
70
70
102
111
70
78
72
101
74
78
77
71
106
75
72
79
72
73
72
72
77
77
73
71
70
77
70
70
70
70
71
75
73
70
77
77
65
65
64
63
66
66
106
74
106
73
75
73
76
78
113
81
72
68
71
74
75
72
70
72
71
70
77
72
70
77
74
70
70
89
76
102
78
80
76
72
70
74
76
73
102
102
75
105
76
74
73
105
73
76
109
70
108
73
72
77
73
75
71
71
74
73
74
71
73
72
73
71
70
73
108
77
76
75
76
73
75
77
76
74
76
105
75
72
106
78
73
73
109
71
73
75
75
74
73
73
71
72
72
75
84
81
78
75
79
77
75
75
79
76
75
78
74
77
76
77
77
76
76
78
77
76
78
76
77
Calls with small instructions in between : 1000 times
108
87
76
72
76
73
73
74
78
73
75
77
74
75
75
78
76
76
73
75
108
78
75
74
77
72
75
72
75
74
72
73
74
75
107
73
73
75
109
72
107
72
73
71
70
70
105
73
75
73
72
72
75
72
73
76
72
76
73
78
77
76
77
76
76
75
77
74
77
77
75
76
76
74
76
75
77
73
74
72
77
74
72
77
78
78
74
77
74
75
76
73
74
108
72
145
73
75
75
70
72
74
70
74
72
74
71
77
78
77
78
78
110
76
75
77
76
72
71
72
79
74
75
70
73
77
107
75
72
107
73
108
75
75
73
75
73
109
75
75
73
109
73
73
74
73
108
73
72
74
105
73
70
73
74
77
73
74
73
74
75
108
74
74
76
74
70
76
108
73
72
81
71
90
79
77
78
71
72
73
76
74
76
75
79
78
78
73
75
69
75
78
72
108
75
105
74
106
74
76
105
75
70
80
73
69
70
70
67
103
75
174
75
74
73
73
70
75
73
73
77
73
73
78
75
75
77
75
70
72
75
75
76
73
73
162
72
75
70
73
74
73
71
76
75
73
102
72
73
73
104
73
76
75
79
76
72
71
67
72
73
73
106
75
75
74
109
108
89
74
77
80
74
109
75
73
81
110
71
74
73
75
77
77
74
74
76
74
73
75
76
78
77
81
76
78
79
78
77
78
75
78
77
78
75
74
78
77
74
75
75
73
73
75
77
76
79
77
80
73
74
75
75
73
83
79
73
76
79
109
70
74
72
110
75
74
75
73
105
74
107
73
77
76
77
112
75
75
74
79
76
76
75
72
75
71
75
75
73
72
85
78
78
77
73
76
76
84
77
78
75
73
74
77
90
77
75
73
75
77
80
78
104
76
76
75
75
73
106
72
72
105
70
70
73
74
79
74
74
75
75
75
73
71
107
70
103
69
71
71
70
73
73
70
71
75
72
73
72
77
74
75
78
74
77
75
78
76
73
75
73
77
72
72
108
74
73
72
72
78
73
77
75
72
107
71
73
77
73
69
76
75
72
74
75
76
73
72
75
75
74
75
110
74
76
77
71
74
109
75
76
77
74
73
79
75
74
75
77
77
109
74
82
76
72
77
75
77
71
71
98
73
78
79
73
71
74
74
79
73
78
77
77
77
76
76
73
73
74
75
77
78
74
75
75
76
78
77
78
72
73
73
76
76
79
80
72
108
71
71
74
73
74
71
78
74
109
78
73
75
75
75
73
73
108
72
78
73
107
72
74
74
73
71
73
73
74
77
74
72
107
73
75
76
72
106
77
74
75
105
74
71
75
78
77
72
75
74
72
77
75
74
73
70
73
81
73
71
73
76
76
73
74
74
74
74
78
77
78
77
76
72
107
72
75
76
72
72
72
104
74
73
102
71
105
74
73
73
75
73
71
69
74
79
107
72
71
79
74
70
69
67
72
72
76
72
73
73
74
72
111
72
70
76
74
77
78
76
79
70
74
78
77
109
72
73
76
72
72
74
72
107
72
108
80
106
73
73
75
74
75
75
75
78
75
103
78
73
75
73
72
73
76
76
107
74
108
74
74
72
75
107
72
76
72
72
106
72
70
73
75
75
74
77
71
72
75
73
73
77
74
72
75
76
71
74
89
76
72
73
72
75
104
75
77
75
72
75
74
78
75
77
72
74
75
74
72
74
74
72
77
72
74
72
69
76
72
69
72
71
72
71
72
71
66
76
79
75
75
73
76
73
70
108
74
70
72
69
73
106
72
70
72
75
109
70
70
74
71
78
72
72
73
107
73
107
77
72
72
73
75
71
76
108
72
74
76
72
75
73
109
77
75
77
74
76
105
74
108
78
75
104
73
74
74
81
75
79
80
78
78
74
72
72
83
81
74
74
73
73
75
74
75
78
73
78
73
76
72
74
73
108
72
105
73
73
112
73
74
71
76
76
77
78
70
70
70
73
70
71
79
74
74
72
23275
77
75
67
74
70
69
69
69
102
71
69
69
72
69
74
72
72
70
70
69
67
107
72
73
73
105
73
73
75
76
75
77
72
77
75
77
75
75
72
73
73
76
73
78
72
72
73
72
78
73
72
108
74
70
70
106
73
76
73
105
75
76
73
108
77
76
77
108
75
73
78
75
70
70
75
71
70
76
121
74
76
119
73
73
75
78
72
79
78
75
72
73
73
73
73
73
75
79
73
108
73
70
73
79
76
78
77
76
79
78
77
78
76
76
76
78
78
72
72
74
73
75
73
72
73
76
75
72
105
80
72
77
74
72
77
