108
87
76
72
76
73
73
74
78
73
75
77
74
75
75
78
76
76
73
75
108
78
75
74
77
72
75
72
75
74
72
73
74
75
107
73
73
75
109
72
107
72
73
71
70
70
105
73
75
73
72
72
75
72
73
76
72
76
73
78
77
76
77
76
76
75
77
74
77
77
75
76
76
74
76
75
77
73
74
72
77
74
72
77
78
78
74
77
74
75
76
73
74
108
72
145
73
75
75
70
72
74
70
74
72
74
71
77
78
77
78
78
110
76
75
77
76
72
71
72
79
74
75
70
73
77
107
75
72
107
73
108
75
75
73
75
73
109
75
75
73
109
73
73
74
73
108
73
72
74
105
73
70
73
74
77
73
74
73
74
75
108
74
74
76
74
70
76
108
73
72
81
71
90
79
77
78
71
72
73
76
74
76
75
79
78
78
73
75
69
75
78
72
108
75
105
74
106
74
76
105
75
70
80
73
69
70
70
67
103
75
174
75
74
73
73
70
75
73
73
77
73
73
78
75
75
77
75
70
72
75
75
76
73
73
162
72
75
70
73
74
73
71
76
75
73
102
72
73
73
104
73
76
75
79
76
72
71
67
72
73
73
106
75
75
74
109
108
89
74
77
80
74
109
75
73
81
110
71
74
73
75
77
77
74
74
76
74
73
75
76
78
77
81
76
78
79
78
77
78
75
78
77
78
75
74
78
77
74
75
75
73
73
75
77
76
79
77
80
73
74
75
75
73
83
79
73
76
79
109
70
74
72
110
75
74
75
73
105
74
107
73
77
76
77
112
75
75
74
79
76
76
75
72
75
71
75
75
73
72
85
78
78
77
73
76
76
84
77
78
75
73
74
77
90
77
75
73
75
77
80
78
104
76
76
75
75
73
106
72
72
105
70
70
73
74
79
74
74
75
75
75
73
71
107
70
103
69
71
71
70
73
73
70
71
75
72
73
72
77
74
75
78
74
77
75
78
76
73
75
73
77
72
72
108
74
73
72
72
78
73
77
75
72
107
71
73
77
73
69
76
75
72
74
75
76
73
72
75
75
74
75
110
74
76
77
71
74
109
75
76
77
74
73
79
75
74
75
77
77
109
74
82
76
72
77
75
77
71
71
98
73
78
79
73
71
74
74
79
73
78
77
77
77
76
76
73
73
74
75
77
78
74
75
75
76
78
77
78
72
73
73
76
76
79
80
72
108
71
71
74
73
74
71
78
74
109
78
73
75
75
75
73
73
108
72
78
73
107
72
74
74
73
71
73
73
74
77
74
72
107
73
75
76
72
106
77
74
75
105
74
71
75
78
77
72
75
74
72
77
75
74
73
70
73
81
73
71
73
76
76
73
74
74
74
74
78
77
78
77
76
72
107
72
75
76
72
72
72
104
74
73
102
71
105
74
73
73
75
73
71
69
74
79
107
72
71
79
74
70
69
67
72
72
76
72
73
73
74
72
111
72
70
76
74
77
78
76
79
70
74
78
77
109
72
73
76
72
72
74
72
107
72
108
80
106
73
73
75
74
75
75
75
78
75
103
78
73
75
73
72
73
76
76
107
74
108
74
74
72
75
107
72
76
72
72
106
72
70
73
75
75
74
77
71
72
75
73
73
77
74
72
75
76
71
74
89
76
72
73
72
75
104
75
77
75
72
75
74
78
75
77
72
74
75
74
72
74
74
72
77
72
74
72
69
76
72
69
72
71
72
71
72
71
66
76
79
75
75
73
76
73
70
108
74
70
72
69
73
106
72
70
72
75
109
70
70
74
71
78
72
72
73
107
73
107
77
72
72
73
75
71
76
108
72
74
76
72
75
73
109
77
75
77
74
76
105
74
108
78
75
104
73
74
74
81
75
79
80
78
78
74
72
72
83
81
74
74
73
73
75
74
75
78
73
78
73
76
72
74
73
108
72
105
73
73
112
73
74
71
76
76
77
78
70
70
70
73
70
71
79
74
74
72
23275
77
75
67
74
70
69
69
69
102
71
69
69
72
69
74
72
72
70
70
69
67
107
72
73
73
105
73
73
75
76
75
77
72
77
75
77
75
75
72
73
73
76
73
78
72
72
73
72
78
73
72
108
74
70
70
106
73
76
73
105
75
76
73
108
77
76
77
108
75
73
78
75
70
70
75
71
70
76
121
74
76
119
73
73
75
78
72
79
78
75
72
73
73
73
73
73
75
79
73
108
73
70
73
79
76
78
77
76
79
78
77
78
76
76
76
78
78
72
72
74
73
75
73
72
73
76
75
72
105
80
72
77
74
72
77
