53
26
26
24
24
22
24
23
23
25
23
24
20
23
23
25
21
22
23
22
22
21
21
22
21
24
23
21
21
21
21
23
20
22
34
26
26
24
24
23
23
20
22
22
25
25
22
22
23
23
25
22
22
23
23
25
23
23
23
23
23
23
25
24
23
25
22
25
25
24
23
22
22
23
22
20
23
25
22
25
22
25
25
22
23
23
23
25
23
23
22
23
21
23
24
24
22
22
23
19
20
22
24
22
22
23
24
25
25
25
23
25
25
25
22
25
22
22
25
23
23
23
23
25
23
24
25
24
20
20
21
14
24
16
54
23
67
25
17
24
17
24
17
17
24
24
24
24
24
17
17
16
24
24
24
17
17
24
25
17
26
18
18
17
26
24
25
18
17
25
17
15
15
18
17
17
25
17
14
15
27
18
26
26
26
24
24
24
25
16
24
16
24
17
17
16
25
25
25
17
24
24
17
17
16
24
25
25
25
17
17
24
17
24
17
24
18
24
17
25
17
17
24
16
24
17
17
17
17
17
17
25
17
16
24
17
17
16
18
16
24
24
17
24
17
17
24
25
17
17
24
24
26
26
26
26
18
19
18
18
16
25
17
18
26
24
19
26
29
23
18
25
24
17
24
23
17
16
17
36
17
24
17
17
17
17
24
17
24
17
17
19
26
25
26
26
18
26
18
25
16
24
25
24
25
26
26
16
19
17
16
16
23
25
16
26
18
19
19
26
25
25
17
25
16
18
26
25
26
18
24
26
24
17
26
18
26
27
16
18
17
24
25
17
24
23
17
16
17
25
17
20
25
16
24
23
26
22
24
15
16
22
25
25
18
17
25
24
22
17
18
17
26
19
26
26
18
26
26
26
19
19
26
25
26
18
26
26
18
18
25
26
18
26
26
19
26
26
26
23
24
17
26
27
19
18
26
25
17
18
26
19
18
26
26
26
26
26
26
26
26
26
25
26
19
17
17
17
18
15
26
25
26
18
26
19
26
18
26
18
23
16
25
25
17
16
23
16
26
22
18
16
18
25
26
26
19
17
26
25
26
19
18
26
18
19
25
26
25
26
18
25
26
25
19
26
26
19
26
26
18
19
19
26
26
25
17
18
25
25
18
16
16
25
17
25
17
16
25
17
17
17
17
18
18
17
25
25
25
25
25
18
26
19
26
26
26
19
25
26
26
17
19
26
18
19
26
26
19
18
26
25
24
19
26
19
26
25
26
26
26
17
23
18
25
25
25
19
25
26
18
26
18
25
18
25
25
19
18
26
26
22
24
18
18
25
26
17
19
18
26
18
18
27
26
26
26
26
18
26
27
18
19
19
26
26
26
26
26
19
19
26
26
26
25
12023
22
22
23
22
18
26
16
25
26
16
16
17
25
22
23
18
15
23
16
22
15
14
16
18
26
18
25
25
18
25
25
25
18
17
25
17
24
25
18
26
27
26
25
24
25
26
26
26
18
25
18
26
18
26
18
25
17
25
19
24
24
18
26
17
25
17
17
17
17
18
25
17
18
18
24
17
24
20
16
17
18
25
25
23
23
22
23
22
25
22
22
20
25
25
23
25
23
20
22
19
19
22
22
22
22
22
21
23
21
21
22
20
20
24
44
22
21
24
21
23
21
21
21
21
21
21
21
24
21
21
23
20
23
24
23
24
24
22
23
22
22
25
22
23
25
24
23
23
25
24
23
23
23
22
24
22
25
22
23
25
21
22
22
23
21
18
21
21
20
22
23
24
22
23
25
24
23
23
20
22
22
25
23
22
22
21
22
22
20
22
25
22
22
22
25
25
24
18
26
25
26
18
26
19
17
19
18
18
16
25
19
25
26
17
17
26
25
26
26
19
19
19
26
23
26
19
18
26
25
26
15
27
19
19
27
19
27
25
26
25
26
26
19
19
26
26
18
24
24
18
19
26
26
25
26
19
19
24
26
17
19
24
19
18
17
19
26
26
26
26
18
26
18
26
26
19
18
18
16
26
26
26
26
18
19
26
26
18
17
26
19
26
19
18
17
25
26
26
26
26
26
25
19
26
26
25
19
24
18
17
25
25
18
18
26
17
25
25
16
15
17
25
18
18
18
25
24
24
16
25
23
24
16
23
17
17
25
16
26
26
26
26
21
26
15
16
15
23
22
23
31
21
21
20
21
21
21
23
21
21
21
20
21
25
20
21
21
22
18
25
25
18
25
26
25
17
17
25
17
25
24
17
19
18
19
26
18
27
23
21
25
22
26
23
22
25
22
25
23
22
23
22
25
24
