33
28
27
25
20
17
19
23
24
24
24
26
19
26
26
21
25
24
23
24
28
24
25
25
25
24
21
21
25
24
24
26
25
25
22
25
21
28
25
25
25
25
22
26
23
22
18
21
21
21
20
22
18
23
23
21
23
18
26
22
19
22
22
21
21
19
17
17
18
17
21
23
19
23
21
19
17
18
22
22
22
22
23
20
19
22
21
18
21
19
18
19
19
19
19
19
22
20
18
18
22
21
25
22
19
21
17
23
22
21
21
21
25
17
21
21
26
23
26
21
21
21
25
22
21
18
23
19
41
27
25
21
21
22
25
25
22
52
27
28
24
28
27
25
25
24
23
21
21
26
25
21
25
25
23
21
26
25
27
27
27
23
18
22
25
21
22
17
17
22
21
21
18
18
22
18
18
18
18
22
19
21
24
25
22
20
25
24
24
24
26
25
26
25
22
23
22
24
26
22
21
20
24
25
22
21
33
25
27
29
28
27
27
23
28
23
21
21
25
21
21
21
26
21
22
27
28
24
26
25
24
28
24
24
25
21
25
23
25
27
25
22
25
25
23
21
25
21
22
23
18
19
23
19
23
17
22
24
22
24
26
28
21
28
26
24
24
18
17
23
23
27
27
28
28
24
25
20
24
24
22
25
26
21
21
24
24
23
24
19
21
26
25
24
28
22
27
24
21
26
25
27
24
28
24
28
25
26
21
23
28
26
23
24
26
23
21
21
25
27
24
27
27
27
26
27
28
27
26
26
26
27
18
32
31
32
25
26
23
22
26
21
19
21
25
21
20
20
20
20
20
20
20
17
21
21
20
20
20
15
20
15
22
23
21
20
21
21
20
24
22
22
22
17
20
21
20
20
20
20
23
20
20
22
20
20
20
20
20
20
19
17
18
18
19
17
18
16
16
18
17
19
21
15
20
20
20
20
16
18
16
15
19
19
17
19
19
20
20
20
20
20
17
20
19
21
17
17
21
17
17
15
19
20
60
21
18
21
22
25
22
24
22
22
22
24
20
17
20
16
23
16
16
16
23
17
25
20
20
24
22
20
21
21
20
20
20
20
20
22
23
20
20
24
21
19
20
20
20
20
20
20
18
20
20
21
20
21
17
16
15
22
21
20
22
24
22
23
20
18
17
17
18
16
18
18
15
15
18
17
19
17
17
18
17
15
17
17
15
18
20
19
18
18
17
20
20
20
21
19
20
20
20
22
18
20
18
20
20
20
20
20
18
19
19
20
15
20
21
20
21
20
21
24
22
25
23
18
17
20
17
20
20
20
21
21
24
20
23
22
22
22
25
20
21
20
20
20
20
20
20
18
18
18
17
18
18
18
18
18
20
21
18
19
16
17
19
18
18
16
17
16
17
18
18
16
17
19
17
18
17
19
18
15
18
17
18
20
22
21
21
20
16
15
18
17
17
17
15
15
18
15
16
18
18
18
19
15
17
20
20
20
21
20
21
20
20
20
18
18
19
16
18
17
15
19
16
18
15
16
18
18
19
17
17
15
17
18
20
24
18
20
21
21
20
20
19
19
21
21
21
16
18
16
17
19
19
19
16
15
17
18
18
18
18
17
20
15
17
18
18
18
17
15
15
18
18
17
17
16
17
19
16
17
18
18
19
17
18
18
17
18
20
20
22
20
20
21
22
21
18
18
18
18
16
16
16
17
15
20
19
18
13
21
13
22
14
14
14
14
20
13
20
21
14
14
14
13
14
13
13
20
14
21
13
20
22
13
15
15
13
21
21
22
14
21
21
22
21
14
15
14
15
14
15
13
21
14
14
21
14
21
14
14
13
15
16
25
17
16
23
23
25
16
25
17
21
13
22
14
21
21
21
21
16
15
14
13
23
14
21
24
17
15
16
16
16
13
21
22
21
21
23
13
14
14
14
14
20
14
21
15
22
14
13
21
15
23
23
16
24
23
23
16
16
23
24
13
24
18
17
24
15
15
16
16
24
23
23
17
17
24
22
13
15
24
24
24
17
23
17
23
17
24
17
17
17
16
16
16
16
21
14
14
13
14
14
22
14
13
14
14
13
21
14
14
15
14
13
20
21
14
15
21
21
14
22
14
15
24
14
13
16
16
16
15
17
24
16
24
15
23
23
24
24
17
25
23
23
22
21
16
17
16
23
21
16
16
15
13
19
17
20
20
18
18
15
17
18
20
20
20
21
20
21
16
18
16
17
15
18
19
18
18
17
18
17
17
17
17
17
17
17
19
17
18
18
18
15
18
15
17
18
19
15
15
16
21
20
21
